# Created by Octave 4.0.0, Tue Sep 08 13:36:08 2015 Eastern Daylight Time <unknown@Loki>
# name: pathplot
# type: matrix
# rows: 7
# columns: 2
 4 1.5
 1 2.5
 3.5 2
 3 2.5
 1.5 3
 2.5 3
 2 3.5


