# Created by Octave 4.0.0, Tue Sep 08 13:39:27 2015 Eastern Daylight Time <unknown@Loki>
# name: maxnpre
# type: matrix
# rows: 8
# columns: 8
 0.04 0.04 0.04 1.04 0.04 0.04 0.04 0.04
 0.04 0.04 1.03 4.03 1.03 0.04 0.04 0.04
 0.03 1.02 4.02 6.02 4.02 1.02 0.03 4.02
 0.02 1.01 4.01 6.02 4.01 1.01 4.01 8.01
 0.02 0.02 1.02 4.01 1.02 0.02 4.02 8.02
 0.03 1.03 5.03 1.03 0.03 0.03 4.03 8.02
 1.04 5.04 5.04 5.04 1.04 0.04 0.04 4.03
 0.05 1.05 5.04 1.05 0.05 0.05 0.05 0.05


