# Created by Octave 4.0.0, Tue Sep 08 13:35:57 2015 Eastern Daylight Time <unknown@Loki>
# name: maxnpost
# type: matrix
# rows: 4
# columns: 4
 11.38 6.02 0 0
 11.38 5.73 0 5.766666666666667
 5.436666666666667 0 5.776666666666666 11.72
 0 0 5.57 11.72


