# Created by Octave 4.0.0, Tue Sep 08 13:37:00 2015 Eastern Daylight Time <unknown@Loki>
# name: maxflow
# type: scalar
25.27365079365079


