# Created by Octave 4.0.0, Tue Sep 08 13:37:00 2015 Eastern Daylight Time <unknown@Loki>
# name: postparent
# type: matrix
# rows: 8
# columns: 8
 65 65 65 65 65 65 65 65
 65 65 65 65 65 65 65 65
 65 65 65 65 65 65 65 65
 65 65 65 65 65 65 65 65
 66 66 66 66 66 66 66 66
 66 66 66 66 66 66 66 66
 66 66 66 66 66 66 66 66
 66 66 66 66 66 66 66 66


