# Created by Octave 4.0.0, Tue Sep 08 13:36:15 2015 Eastern Daylight Time <unknown@Loki>
# name: pathplot
# type: matrix
# rows: 3
# columns: 2
 1.5 1
 1.5 2
 1 2.5


