# Created by Octave 4.0.0, Tue Sep 08 13:36:15 2015 Eastern Daylight Time <unknown@Loki>
# name: postparent
# type: matrix
# rows: 4
# columns: 4
 17 3 4 8
 17 10 8 12
 10 11 12 18
 14 15 11 12


