# Created by Octave 4.0.0, Tue Sep 08 13:38:38 2015 Eastern Daylight Time <unknown@Loki>
# name: pathplot
# type: matrix
# rows: 16
# columns: 2
 2 1.5
 1.5 2
 1 2.5
 2.5 2
 3 2.5
 3.5 3
 3.5 4
 4 4.5
 8 4.5
 4.5 5
 5 5.5
 7.5 5
 7 5.5
 5.5 6
 6.5 6
 6 6.5


