# Created by Octave 4.0.0, Tue Sep 08 13:38:38 2015 Eastern Daylight Time <unknown@Loki>
# name: preparent
# type: matrix
# rows: 8
# columns: 8
 65 1 2 3 4 5 6 7
 1 9 10 11 12 13 14 15
 9 17 18 19 20 21 22 23
 17 25 26 27 28 29 30 31
 25 33 34 35 36 37 38 39
 33 41 42 43 44 45 46 47
 41 49 50 51 52 53 54 55
 49 57 58 59 60 61 62 63


