# Created by Octave 4.0.0, Tue Sep 08 13:45:25 2015 Eastern Daylight Time <unknown@Loki>
# name: maxflow
# type: scalar
87.8213986013986


