# Created by Octave 3.8.2, Fri Feb 13 20:59:13 2015 Eastern Standard Time <unknown@Loki>
# name: inputmatrix
# type: matrix
# rows: 8
# columns: 8
 0 0 2 0 0 0 0 0
 0 2 6 2 0 0 0 0
 0 0 2 0 0 2 0 0
 0 0 0 0 2 6 2 0
 0 0 0 0 0 2 0 0
 0 0 2 0 0 0 0 0
 0 2 6 2 0 0 0 0
 0 0 2 0 0 0 0 0


