# Created by Octave 4.0.0, Tue Sep 08 13:35:53 2015 Eastern Daylight Time <unknown@Loki>
# name: maxtpre
# type: matrix
# rows: 4
# columns: 4
 0.64 0.64 0.64 0.64
 0.48 0.48 0.48 0.48
 0.5333333333333334 0.5333333333333334 0.5333333333333334 0.5333333333333334
 0.8 0.8 0.8 0.8


