# Created by Octave 4.0.0, Tue Sep 08 14:06:20 2015 Eastern Daylight Time <unknown@Loki>
# name: maxflow
# type: scalar
204.156862745098


