# Created by Octave 4.0.0, Tue Sep 08 13:35:53 2015 Eastern Daylight Time <unknown@Loki>
# name: maxflow
# type: scalar
3.026666666666667


