# Created by Octave 4.0.0, Tue Sep 08 13:35:53 2015 Eastern Daylight Time <unknown@Loki>
# name: maxnpost
# type: matrix
# rows: 4
# columns: 4
 0 0 0 0
 0 0 0 0
 0 0 0 0
 0 0 0 0


