# Created by Octave 4.0.0, Tue Sep 08 13:35:53 2015 Eastern Daylight Time <unknown@Loki>
# name: pathplot
# type: matrix
# rows: 4
# columns: 2
 1 2.5
 2 2.5
 3 2.5
 4 2.5


