# Created by Octave 4.0.0, Tue Sep 08 13:36:03 2015 Eastern Daylight Time <unknown@Loki>
# name: pathplot
# type: matrix
# rows: 6
# columns: 2
 1 2.5
 3 2.5
 4 2.5
 1.5 3
 2.5 3
 2 3.5


