# Created by Octave 4.0.0, Tue Sep 08 15:17:43 2015 Eastern Daylight Time <unknown@Loki>
# name: maxflow
# type: scalar
690.237913043478


