# Created by Octave 4.0.0, Tue Sep 08 15:17:43 2015 Eastern Daylight Time <unknown@Loki>
# name: pathplot
# type: matrix
# rows: 24
# columns: 2
 1 12.5
 2 12.5
 3 12.5
 4 12.5
 5 12.5
 6 12.5
 7 12.5
 8 12.5
 9 12.5
 10 12.5
 11 12.5
 12 12.5
 13 12.5
 14 12.5
 15 12.5
 16 12.5
 17 12.5
 18 12.5
 19 12.5
 20 12.5
 21 12.5
 22 12.5
 23 12.5
 24 12.5


